0,udp,other,SF,1,0,0,0,0,0,0,0,0,0,0,0,0,0,0,0,0,0,155,5,0.0,0.0,0.0,0.0,0.03,0.05,0.0,255,5,0.02,0.05,1.0,0.0,0.0,0.0,0.0,0.0,satan,17,satan
4,tcp,ftp_data,SF,832,0,0,0,0,0,0,1,0,0,0,0,0,0,0,0,0,0,1,1,0.0,0.0,0.0,0.0,1.0,0.0,0.0,3,37,1.0,0.0,1.0,0.16,0.0,0.03,0.0,0.0,warezclient,13,warezclient
0,tcp,ctf,S0,0,0,0,0,0,0,0,0,0,0,0,0,0,0,0,0,0,0,268,19,1.0,1.0,0.0,0.0,0.07,0.06,0.0,255,19,0.07,0.06,0.0,0.0,1.0,1.0,0.0,0.0,neptune,20,neptune
150,tcp,telnet,SF,1587,6707,0,0,0,1,0,1,3,0,0,1,1,0,0,0,0,0,1,1,0.0,0.0,0.0,0.0,1.0,0.0,0.0,1,1,1.0,0.0,1.0,0.0,0.0,0.0,0.0,0.0,buffer_overflow,1,buffer_overflow
0,tcp,http,S0,0,0,0,0,0,0,0,0,0,0,0,0,0,0,0,0,0,0,28,11,1.0,1.0,0.0,0.0,0.39,0.14,0.0,255,67,0.26,0.02,0.01,0.0,1.0,1.0,0.0,0.0,neptune,18,neptune
31,tcp,telnet,SF,142,1278,0,0,0,0,0,1,0,0,0,0,1,0,0,0,0,0,1,1,0.0,0.0,0.0,0.0,1.0,0.0,0.0,5,3,0.6,0.6,0.2,0.0,0.0,0.0,0.0,0.0,loadmodule,1,loadmodule
0,tcp,private,S0,0,0,0,0,0,0,0,0,0,0,0,0,0,0,0,0,0,0,137,9,1.0,1.0,0.0,0.0,0.07,0.06,0.0,255,9,0.04,0.06,0.0,0.0,1.0,1.0,0.0,0.0,neptune,21,neptune
0,udp,private,SF,1,0,0,0,0,0,0,0,0,0,0,0,0,0,0,0,0,0,158,138,0.0,0.0,0.0,0.0,0.87,0.03,0.0,255,175,0.69,0.04,1.0,0.0,0.0,0.0,0.0,0.0,satan,18,satan
0,tcp,http,SF,323,608,0,0,0,0,0,1,0,0,0,0,0,0,0,0,0,0,26,27,0.0,0.0,0.0,0.0,1.0,0.0,0.07,255,255,1.0,0.0,0.01,0.0,0.0,0.0,0.0,0.0,normal,21,normal
0,icmp,eco_i,SF,8,0,0,0,0,0,0,0,0,0,0,0,0,0,0,0,0,0,1,32,0.0,0.0,0.0,0.0,1.0,0.0,1.0,1,71,1.0,0.0,1.0,0.51,0.0,0.0,0.0,0.0,ipsweep,17,ipsweep
3,tcp,ftp_data,SF,2194619,0,0,0,0,0,0,1,0,0,0,0,0,0,0,0,0,0,2,3,0.0,0.0,0.0,0.0,1.0,0.0,0.67,126,43,0.22,0.03,0.22,0.05,0.0,0.0,0.0,0.0,normal,19,normal
0,tcp,http,S0,0,0,0,0,0,0,0,0,0,0,0,0,0,0,0,0,0,0,23,9,1.0,1.0,0.0,0.0,0.39,0.17,0.0,103,29,0.28,0.04,0.03,0.0,1.0,1.0,0.0,0.0,neptune,18,neptune
0,icmp,eco_i,SF,18,0,0,0,0,0,0,0,0,0,0,0,0,0,0,0,0,0,1,1,0.0,0.0,0.0,0.0,1.0,0.0,0.0,4,200,1.0,0.0,1.0,0.25,0.0,0.0,0.0,0.0,ipsweep,15,ipsweep
0,tcp,http,SF,212,2251,0,0,0,0,0,1,0,0,0,0,0,0,0,0,0,0,21,23,0.0,0.0,0.0,0.0,1.0,0.0,0.13,255,255,1.0,0.0,0.0,0.0,0.0,0.0,0.0,0.0,normal,21,normal
0,icmp,eco_i,SF,8,0,0,0,0,0,0,0,0,0,0,0,0,0,0,0,0,0,1,39,0.0,0.0,0.0,0.0,1.0,0.0,1.0,2,104,1.0,0.0,1.0,0.5,0.0,0.0,0.0,0.0,ipsweep,15,ipsweep
0,tcp,pop_3,S0,0,0,0,0,0,0,0,0,0,0,0,0,0,0,0,0,0,0,257,2,1.0,1.0,0.0,0.0,0.01,0.07,0.0,255,2,0.01,0.07,0.0,0.0,1.0,1.0,0.0,0.0,neptune,21,neptune
4,tcp,private,RSTR,0,0,0,0,0,0,0,0,0,0,0,0,0,0,0,0,0,0,1,1,0.0,0.0,1.0,1.0,1.0,0.0,0.0,255,1,0.0,1.0,1.0,0.0,0.0,0.0,1.0,1.0,portsweep,18,portsweep
0,tcp,ftp_data,SF,334,0,0,0,0,0,0,1,0,0,0,0,0,0,0,0,0,0,1,1,0.0,0.0,0.0,0.0,1.0,0.0,0.0,1,35,1.0,0.0,1.0,0.14,0.0,0.0,0.0,0.0,warezclient,12,warezclient
0,tcp,private,S0,0,0,0,0,0,0,0,0,0,0,0,0,0,0,0,0,0,0,143,20,1.0,1.0,0.0,0.0,0.14,0.05,0.0,255,20,0.08,0.05,0.0,0.0,1.0,1.0,0.0,0.0,neptune,21,neptune
0,tcp,ftp_data,SF,334,0,0,0,0,0,0,1,0,0,0,0,0,0,0,0,0,0,1,1,0.0,0.0,0.0,0.0,1.0,0.0,0.0,5,27,1.0,0.0,1.0,0.19,0.0,0.04,0.0,0.0,warezclient,11,warezclient
12733,tcp,other,RSTR,1,0,0,0,0,0,0,0,0,0,0,0,0,0,0,0,0,0,2,2,0.0,0.0,1.0,1.0,1.0,0.0,0.0,255,2,0.01,0.65,1.0,0.0,0.0,0.0,1.0,1.0,portsweep,15,portsweep
1,tcp,ftp,SF,1263,2451,0,0,0,28,0,1,0,0,0,0,0,0,0,0,0,1,1,1,0.0,0.0,0.0,0.0,1.0,0.0,0.0,242,70,0.29,0.02,0.0,0.0,0.0,0.0,0.01,0.0,warezclient,11,warezclient
0,udp,other,SF,146,0,0,0,0,0,0,0,0,0,0,0,0,0,0,0,0,0,1,1,0.0,0.0,0.0,0.0,1.0,0.0,0.0,255,1,0.0,0.51,0.93,0.0,0.0,0.0,0.0,0.0,normal,21,normal
0,udp,private,SF,1,0,0,0,0,0,0,0,0,0,0,0,0,0,0,0,0,0,79,52,0.0,0.0,0.0,0.0,0.66,0.05,0.0,255,114,0.45,0.05,1.0,0.0,0.0,0.0,0.0,0.0,satan,18,satan
0,tcp,http,SF,340,467,0,0,0,0,0,1,0,0,0,0,0,0,0,0,0,0,2,2,0.0,0.0,0.0,0.0,1.0,0.0,0.0,32,255,1.0,0.0,0.03,0.03,0.0,0.0,0.0,0.0,normal,21,normal
0,icmp,eco_i,SF,8,0,0,0,0,0,0,0,0,0,0,0,0,0,0,0,0,0,1,28,0.0,0.0,0.0,0.0,1.0,0.0,1.0,1,205,1.0,0.0,1.0,0.25,0.0,0.0,0.0,0.0,nmap,15,nmap
0,tcp,link,S0,0,0,0,0,0,0,0,0,0,0,0,0,0,0,0,0,0,0,222,3,1.0,1.0,0.0,0.0,0.01,0.06,0.0,255,3,0.01,0.07,0.0,0.0,1.0,1.0,0.0,0.0,neptune,21,neptune
0,udp,other,SF,1,0,0,0,0,0,0,0,0,0,0,0,0,0,0,0,0,0,23,1,0.0,0.0,0.0,0.0,0.04,0.35,0.0,255,1,0.0,0.27,0.79,0.0,0.0,0.0,0.18,0.0,satan,20,satan
0,icmp,eco_i,SF,8,0,0,0,0,0,0,0,0,0,0,0,0,0,0,0,0,0,1,24,0.0,0.0,0.0,0.0,1.0,0.0,1.0,2,190,1.0,0.0,1.0,0.5,0.0,0.0,0.0,0.0,ipsweep,16,ipsweep
176,tcp,telnet,SF,1559,2732,0,0,0,3,0,1,4,1,0,0,1,0,0,0,0,0,1,1,0.0,0.0,0.0,0.0,1.0,0.0,0.0,8,8,1.0,0.0,0.12,0.0,0.0,0.0,0.12,0.12,buffer_overflow,2,buffer_overflow
0,tcp,ftp_data,SF,30,0,0,0,0,0,0,1,0,0,0,0,0,0,0,0,0,0,1,1,0.0,0.0,0.0,0.0,1.0,0.0,0.0,5,17,1.0,0.0,1.0,0.24,0.0,0.0,0.0,0.0,warezclient,10,warezclient
49,tcp,telnet,SF,2402,3939,0,0,0,4,0,1,2,1,0,0,0,0,0,0,0,0,1,1,0.0,0.0,0.0,0.0,1.0,0.0,0.0,1,2,1.0,0.0,1.0,1.0,0.0,0.0,0.0,0.0,buffer_overflow,4,buffer_overflow
0,icmp,eco_i,SF,8,0,0,0,0,0,0,0,0,0,0,0,0,0,0,0,0,0,1,52,0.0,0.0,0.0,0.0,1.0,0.0,1.0,2,129,1.0,0.0,1.0,0.5,0.0,0.0,0.0,0.0,ipsweep,16,ipsweep
708,tcp,telnet,SF,1727,24080,0,0,0,0,0,1,6,0,0,7,0,0,0,0,0,0,1,1,0.0,0.0,0.0,0.0,1.0,0.0,0.0,255,3,0.01,0.02,0.0,0.0,0.0,0.0,0.0,0.0,rootkit,0,rootkit
0,tcp,http,SF,333,609,0,0,0,0,0,1,0,0,0,0,0,0,0,0,0,0,3,3,0.0,0.0,0.0,0.0,1.0,0.0,0.0,107,255,1.0,0.0,0.01,0.01,0.0,0.0,0.0,0.0,normal,21,normal
21,tcp,ftp,SF,89,345,0,0,0,1,0,1,0,0,0,0,1,0,0,0,0,0,1,1,0.0,0.0,0.0,0.0,1.0,0.0,0.0,255,1,0.0,0.02,0.0,0.0,0.0,0.0,0.0,0.0,rootkit,5,rootkit
0,tcp,smtp,SF,1256,328,0,0,0,0,0,1,0,0,0,0,0,0,0,0,0,0,1,1,0.0,0.0,0.0,0.0,1.0,0.0,0.0,211,125,0.48,0.02,0.0,0.02,0.0,0.0,0.0,0.0,normal,21,normal
162,tcp,telnet,SF,1567,2738,0,0,0,3,0,1,4,1,0,0,1,0,0,0,0,0,1,1,0.0,0.0,0.0,0.0,1.0,0.0,0.0,4,4,1.0,0.0,0.25,0.0,0.0,0.0,0.0,0.0,buffer_overflow,2,buffer_overflow
0,udp,other,SF,32,0,0,0,0,0,0,0,0,0,0,0,0,0,0,0,0,0,1,1,0.0,0.0,0.0,0.0,1.0,0.0,0.0,255,1,0.0,0.02,0.0,0.0,0.0,0.0,0.0,0.0,rootkit,5,rootkit
0,icmp,eco_i,SF,30,0,0,0,0,0,0,0,0,0,0,0,0,0,0,0,0,0,5,1,0.0,0.0,0.0,0.0,0.2,0.6,0.0,255,37,0.15,0.01,0.66,0.0,0.0,0.0,0.0,0.0,normal,18,normal
0,tcp,discard,S0,0,0,0,0,0,0,0,0,0,0,0,0,0,0,0,0,0,0,132,11,1.0,1.0,0.0,0.0,0.08,0.05,0.0,255,3,0.01,0.05,0.0,0.0,1.0,1.0,0.0,0.0,neptune,19,neptune
0,tcp,http,SF,251,5703,0,0,0,0,0,1,0,0,0,0,0,0,0,0,0,0,14,29,0.0,0.0,0.0,0.0,1.0,0.0,0.07,33,255,1.0,0.0,0.03,0.03,0.0,0.0,0.0,0.0,normal,21,normal
184,tcp,telnet,SF,1511,2957,0,0,0,3,0,1,2,1,0,0,1,0,0,0,0,0,1,1,0.0,0.0,0.0,0.0,1.0,0.0,0.0,1,3,1.0,0.0,1.0,0.67,0.0,0.0,0.0,0.0,buffer_overflow,4,buffer_overflow
0,tcp,private,S0,0,0,0,0,0,0,0,0,0,0,0,0,0,0,0,0,0,0,207,4,1.0,1.0,0.0,0.0,0.02,0.06,0.0,255,13,0.05,0.07,0.0,0.0,1.0,1.0,0.0,0.0,neptune,21,neptune
0,tcp,ftp_data,SF,334,0,0,0,0,0,0,1,0,0,0,0,0,0,0,0,0,0,1,1,0.0,0.0,0.0,0.0,1.0,0.0,0.0,6,43,1.0,0.0,1.0,0.12,0.0,0.0,0.0,0.0,warezclient,10,warezclient
1,tcp,ftp,SF,1210,2449,0,0,0,28,0,1,0,0,0,0,0,0,0,0,0,1,1,1,0.0,0.0,0.0,0.0,1.0,0.0,0.0,208,36,0.17,0.02,0.0,0.0,0.0,0.0,0.01,0.0,warezclient,8,warezclient
0,tcp,ftp_data,SF,0,5020,0,0,0,0,0,1,0,0,0,0,0,0,0,0,0,0,3,3,0.0,0.0,0.0,0.0,1.0,0.0,0.0,3,3,1.0,0.0,1.0,0.0,0.0,0.0,0.0,0.0,buffer_overflow,10,buffer_overflow
0,tcp,http,SF,54540,8314,0,0,0,2,0,1,1,0,0,0,0,0,0,0,0,0,3,3,0.0,0.0,0.0,0.0,1.0,0.0,0.0,47,47,1.0,0.0,0.02,0.0,0.0,0.0,0.26,0.26,back,12,back
1,tcp,ftp,SF,1251,2453,0,0,0,28,0,1,0,0,0,0,0,0,0,0,0,1,1,1,0.0,0.0,0.0,0.0,1.0,0.0,0.0,255,111,0.44,0.02,0.01,0.0,0.0,0.0,0.01,0.0,warezclient,15,warezclient
1,tcp,ftp,SF,1233,2451,0,0,0,28,0,1,0,0,0,0,0,0,0,0,0,1,1,1,0.0,0.0,0.0,0.0,1.0,0.0,0.0,255,138,0.54,0.02,0.0,0.0,0.0,0.0,0.0,0.0,warezclient,11,warezclient
1,tcp,smtp,SF,1162,331,0,0,0,0,0,1,0,0,0,0,0,0,0,0,0,0,1,2,0.0,0.0,0.0,0.0,1.0,0.0,1.0,235,130,0.52,0.02,0.0,0.02,0.0,0.0,0.0,0.0,normal,21,normal
12054,udp,other,SF,147,105,0,0,0,0,0,0,0,0,0,0,0,0,0,0,0,0,1,1,0.0,0.0,0.0,0.0,1.0,0.0,0.0,255,1,0.0,0.84,1.0,0.0,0.0,0.0,0.0,0.0,normal,21,normal
0,udp,private,SF,1,0,0,0,0,0,0,0,0,0,0,0,0,0,0,0,0,0,68,41,0.0,0.0,0.0,0.0,0.6,0.06,0.0,255,105,0.41,0.06,1.0,0.0,0.0,0.0,0.0,0.0,satan,18,satan
0,tcp,whois,S0,0,0,0,0,0,0,0,0,0,0,0,0,0,0,0,0,0,0,116,9,1.0,1.0,0.0,0.0,0.08,0.06,0.0,255,9,0.04,0.06,0.0,0.0,1.0,1.0,0.0,0.0,neptune,19,neptune
0,tcp,http,SF,205,659,0,0,0,0,0,1,0,0,0,0,0,0,0,0,0,0,10,10,0.0,0.0,0.0,0.0,1.0,0.0,0.0,255,255,1.0,0.0,0.0,0.0,0.0,0.0,0.0,0.0,normal,21,normal
0,udp,other,SF,4,4,0,0,0,0,0,0,0,0,0,0,0,0,0,0,0,0,1,1,0.0,0.0,0.0,0.0,1.0,0.0,0.0,1,1,1.0,0.0,1.0,0.0,0.0,0.0,0.0,0.0,rootkit,4,rootkit
113,tcp,telnet,SF,6274,16771,0,0,0,5,0,1,2,1,0,0,0,0,0,0,0,0,1,1,0.0,0.0,0.0,0.0,1.0,0.0,0.0,1,1,1.0,0.0,1.0,0.0,0.0,0.0,0.0,0.0,buffer_overflow,3,buffer_overflow
0,tcp,finger,S0,0,0,0,0,0,0,0,0,0,0,0,0,0,0,0,0,0,0,271,2,1.0,1.0,0.0,0.0,0.01,0.06,0.0,255,2,0.01,0.07,0.0,0.0,1.0,1.0,0.0,0.0,neptune,19,neptune
158,tcp,telnet,SF,1567,3095,0,0,0,3,0,1,4,1,0,0,1,0,0,0,0,0,1,1,0.0,0.0,0.0,0.0,1.0,0.0,0.0,2,2,1.0,0.0,0.5,0.0,0.0,0.0,0.0,0.0,buffer_overflow,2,buffer_overflow
0,tcp,http,SF,308,390,0,0,0,0,0,1,0,0,0,0,0,0,0,0,0,0,27,29,0.0,0.0,0.0,0.0,1.0,0.0,0.1,198,255,1.0,0.0,0.01,0.01,0.0,0.0,0.0,0.0,normal,21,normal
0,tcp,http,SF,318,6250,0,0,0,0,0,1,0,0,0,0,0,0,0,0,0,0,7,7,0.0,0.0,0.0,0.0,1.0,0.0,0.0,255,255,1.0,0.0,0.0,0.0,0.0,0.0,0.0,0.0,normal,21,normal
0,icmp,ecr_i,SF,1032,0,0,0,0,0,0,0,0,0,0,0,0,0,0,0,0,0,511,511,0.0,0.0,0.0,0.0,1.0,0.0,0.0,255,201,0.79,0.02,0.79,0.0,0.0,0.0,0.0,0.0,smurf,18,smurf
0,tcp,http,REJ,0,0,0,0,0,0,0,0,0,0,0,0,0,0,0,0,0,0,1,1,0.0,0.0,1.0,1.0,1.0,0.0,0.0,1,138,1.0,0.0,1.0,0.19,0.0,0.0,1.0,0.88,normal,21,normal
54,tcp,telnet,SF,260,2635,0,0,0,0,0,1,0,1,0,2,2,1,0,0,0,0,1,1,0.0,0.0,0.0,0.0,1.0,0.0,0.0,255,1,0.0,0.01,0.0,0.0,0.0,0.0,0.0,0.0,perl,1,perl
0,tcp,http,SF,355,1481,0,0,0,0,0,1,0,0,0,0,0,0,0,0,0,0,3,3,0.0,0.0,0.0,0.0,1.0,0.0,0.0,255,255,1.0,0.0,0.0,0.0,0.0,0.0,0.0,0.0,normal,21,normal
5051,tcp,ftp_data,SF,5135678,0,0,0,0,3,0,1,0,0,0,0,0,0,0,0,0,0,1,2,0.0,0.0,0.0,0.0,1.0,0.0,1.0,7,34,1.0,0.0,1.0,0.09,0.0,0.0,0.0,0.0,warezclient,13,warezclient
0,tcp,ftp_data,SF,334,0,0,0,0,0,0,1,0,0,0,0,0,0,0,0,0,0,2,2,0.0,0.0,0.0,0.0,1.0,0.0,0.0,8,47,1.0,0.0,1.0,0.13,0.0,0.0,0.0,0.0,warezclient,11,warezclient
30699,tcp,private,RSTR,1,0,0,0,0,0,0,0,0,0,0,0,0,0,0,0,0,0,2,2,0.0,0.0,1.0,1.0,1.0,0.0,0.0,255,2,0.01,0.73,1.0,0.0,0.0,0.0,1.0,1.0,portsweep,15,portsweep
0,icmp,eco_i,SF,8,0,0,0,0,0,0,0,0,0,0,0,0,0,0,0,0,0,1,3,0.0,0.0,0.0,0.0,1.0,0.0,1.0,2,18,1.0,0.0,1.0,0.5,0.0,0.0,0.0,0.0,ipsweep,15,ipsweep
7,tcp,ftp,SF,226,698,0,0,0,4,0,1,0,0,0,0,4,0,0,0,0,0,1,1,0.0,0.0,0.0,0.0,1.0,0.0,0.0,1,1,1.0,0.0,1.0,0.0,0.0,0.0,0.0,0.0,buffer_overflow,4,buffer_overflow
79,tcp,telnet,SF,281,1301,0,0,0,2,0,1,1,1,0,0,4,2,0,0,0,0,1,1,0.0,0.0,0.0,0.0,1.0,0.0,0.0,1,10,1.0,0.0,1.0,0.3,0.0,0.0,0.0,0.1,loadmodule,4,loadmodule
0,tcp,ftp_data,SF,0,5636,0,0,0,0,0,1,2,0,0,2,0,0,0,0,0,0,1,1,0.0,0.0,0.0,0.0,1.0,0.0,0.0,1,41,1.0,0.0,1.0,0.1,0.0,0.0,0.0,0.0,rootkit,7,rootkit
290,tcp,telnet,SF,415,70529,0,0,0,3,0,1,4,0,0,4,4,0,0,0,0,0,1,1,0.0,0.0,0.0,0.0,1.0,0.0,0.0,1,1,1.0,0.0,1.0,0.0,0.0,0.0,0.0,0.0,buffer_overflow,1,buffer_overflow
0,tcp,ldap,S0,0,0,0,0,0,0,0,0,0,0,0,0,0,0,0,0,0,0,142,20,1.0,1.0,0.0,0.0,0.14,0.06,0.0,255,19,0.07,0.07,0.0,0.0,1.0,1.0,0.0,0.0,neptune,20,neptune
0,tcp,ftp_data,SF,0,2072,0,0,0,1,0,1,0,1,0,0,0,0,0,0,0,0,3,3,0.0,0.0,0.0,0.0,1.0,0.0,0.0,4,4,1.0,0.0,1.0,0.0,0.0,0.0,0.0,0.0,buffer_overflow,11,buffer_overflow
0,udp,private,SF,1,0,0,0,0,0,0,0,0,0,0,0,0,0,0,0,0,0,37,13,0.0,0.0,0.0,0.0,0.35,0.08,0.0,255,13,0.05,0.23,1.0,0.0,0.0,0.0,0.0,0.0,satan,21,satan
0,tcp,ftp_data,SF,12,0,0,0,0,0,0,0,0,0,0,0,0,0,0,0,0,0,2,2,0.0,0.0,0.0,0.0,1.0,0.0,0.0,199,49,0.15,0.02,0.15,0.04,0.0,0.0,0.0,0.0,normal,17,normal
0,icmp,ecr_i,SF,1032,0,0,0,0,0,0,0,0,0,0,0,0,0,0,0,0,0,511,511,0.0,0.0,0.0,0.0,1.0,0.0,0.0,255,143,0.56,0.02,0.56,0.0,0.01,0.0,0.0,0.0,smurf,19,smurf
0,tcp,csnet_ns,REJ,0,0,0,0,0,0,0,0,0,0,0,0,0,0,0,0,0,0,142,12,0.0,0.0,1.0,1.0,0.08,0.06,0.0,255,7,0.03,0.07,0.0,0.0,0.0,0.0,1.0,1.0,neptune,19,neptune
0,tcp,private,S0,0,0,0,0,0,0,0,0,0,0,0,0,0,0,0,0,0,0,183,18,1.0,1.0,0.0,0.0,0.1,0.06,0.0,255,9,0.04,0.09,0.0,0.0,1.0,1.0,0.0,0.0,neptune,20,neptune
0,icmp,eco_i,SF,8,0,0,0,0,0,0,0,0,0,0,0,0,0,0,0,0,0,1,47,0.0,0.0,0.0,0.0,1.0,0.0,1.0,2,255,1.0,0.0,1.0,0.25,0.0,0.0,0.0,0.0,nmap,18,nmap
0,tcp,courier,S0,0,0,0,0,0,0,0,0,0,0,0,0,0,0,0,0,0,0,113,9,1.0,1.0,0.0,0.0,0.08,0.06,0.0,255,9,0.04,0.06,0.0,0.0,1.0,1.0,0.0,0.0,neptune,19,neptune
127,tcp,telnet,SF,1567,2736,0,0,0,1,0,1,0,0,0,0,1,0,0,0,0,0,83,1,0.99,0.0,0.0,0.0,0.01,0.08,0.0,5,5,1.0,0.0,0.2,0.0,0.0,0.0,0.0,0.0,buffer_overflow,2,buffer_overflow
37274,tcp,private,RSTR,1,0,0,0,0,0,0,0,0,0,0,0,0,0,0,0,0,0,2,2,0.0,0.0,1.0,1.0,1.0,0.0,0.0,255,2,0.01,0.5,1.0,0.0,0.0,0.0,1.0,1.0,portsweep,15,portsweep
0,tcp,private,REJ,0,0,0,0,0,0,0,0,0,0,0,0,0,0,0,0,0,0,2,1,0.0,0.0,1.0,1.0,0.5,1.0,0.0,255,1,0.0,0.33,0.31,0.0,0.0,0.0,0.31,1.0,portsweep,20,portsweep
0,tcp,efs,S0,0,0,0,0,0,0,0,0,0,0,0,0,0,0,0,0,0,0,130,5,1.0,1.0,0.0,0.0,0.04,0.06,0.0,255,16,0.06,0.07,0.0,0.0,1.0,1.0,0.0,0.0,neptune,19,neptune
0,tcp,finger,S0,0,0,0,0,0,0,0,0,0,0,0,0,0,0,0,0,0,0,57,15,1.0,1.0,0.0,0.0,0.26,0.07,0.0,137,40,0.26,0.03,0.01,0.05,1.0,0.88,0.0,0.0,neptune,18,neptune
0,tcp,telnet,S0,0,0,0,0,0,0,0,0,0,0,0,0,0,0,0,0,0,0,71,18,1.0,1.0,0.0,0.0,0.25,0.06,0.0,255,58,0.23,0.03,0.01,0.0,1.0,1.0,0.0,0.0,neptune,19,neptune
0,tcp,private,S0,0,0,0,0,0,0,0,0,0,0,0,0,0,0,0,0,0,0,100,11,1.0,1.0,0.0,0.0,0.11,0.06,0.0,255,17,0.07,0.07,0.0,0.0,1.0,1.0,0.0,0.0,neptune,21,neptune
0,tcp,ftp_data,SF,246,0,0,0,0,0,0,1,0,0,0,0,0,0,0,0,0,0,1,1,0.0,0.0,0.0,0.0,1.0,0.0,0.0,5,61,1.0,0.0,1.0,0.11,0.2,0.02,0.0,0.0,warezclient,9,warezclient
0,tcp,mtp,REJ,0,0,0,0,0,0,0,0,0,0,0,0,0,0,0,0,0,0,1,1,0.0,0.0,1.0,1.0,1.0,0.0,0.0,38,1,0.03,1.0,0.03,0.0,0.0,0.0,0.95,1.0,ipsweep,16,ipsweep
3,tcp,private,RSTR,0,0,0,0,0,0,0,0,0,0,0,0,0,0,0,0,0,0,347,2,0.0,0.0,1.0,1.0,0.01,0.52,0.0,255,2,0.01,0.52,1.0,0.0,0.0,0.0,1.0,1.0,portsweep,18,portsweep
0,tcp,name,S0,0,0,0,0,0,0,0,0,0,0,0,0,0,0,0,0,0,0,300,20,1.0,1.0,0.0,0.0,0.07,0.05,0.0,255,12,0.05,0.06,0.0,0.0,1.0,1.0,0.0,0.0,neptune,18,neptune
169,tcp,telnet,SF,1567,2857,0,0,0,3,0,1,4,1,0,0,1,0,0,0,0,0,1,1,0.0,0.0,0.0,0.0,1.0,0.0,0.0,1,1,1.0,0.0,1.0,0.0,0.0,0.0,0.0,0.0,buffer_overflow,3,buffer_overflow
0,icmp,eco_i,SF,8,0,0,0,0,0,0,0,0,0,0,0,0,0,0,0,0,0,1,7,0.0,0.0,0.0,0.0,1.0,0.0,1.0,1,17,1.0,0.0,1.0,0.53,0.0,0.0,0.0,0.0,ipsweep,16,ipsweep
0,icmp,ecr_i,SF,1032,0,0,0,0,0,0,0,0,0,0,0,0,0,0,0,0,0,511,511,0.0,0.0,0.0,0.0,1.0,0.0,0.0,95,1,0.01,0.07,0.01,0.0,0.02,0.0,0.66,0.0,smurf,18,smurf
0,tcp,ftp_data,SF,334,0,0,0,0,0,0,1,0,0,0,0,0,0,0,0,0,0,2,2,0.0,0.0,0.0,0.0,1.0,0.0,0.0,4,14,1.0,0.0,1.0,0.21,0.0,0.0,0.0,0.0,warezclient,14,warezclient
1,tcp,ftp,SF,1222,2451,0,0,0,28,0,1,0,0,0,0,0,0,0,0,0,1,1,1,0.0,0.0,0.0,0.0,1.0,0.0,0.0,212,40,0.19,0.02,0.0,0.0,0.0,0.0,0.01,0.0,warezclient,8,warezclient
0,tcp,other,REJ,0,0,0,0,0,0,0,0,0,0,0,0,0,0,0,0,0,0,366,1,0.1,0.0,0.9,1.0,0.0,1.0,0.0,255,1,0.0,1.0,0.0,0.0,0.11,0.0,0.89,1.0,satan,17,satan
0,tcp,ftp_data,SF,334,0,0,0,0,0,0,1,0,0,0,0,0,0,0,0,0,0,2,2,0.0,0.0,0.0,0.0,1.0,0.0,0.0,6,54,1.0,0.0,1.0,0.09,0.0,0.0,0.0,0.0,warezclient,9,warezclient
0,tcp,ftp_data,SF,0,5020,0,0,0,0,0,1,0,0,0,0,0,0,0,0,0,0,3,3,0.0,0.0,0.0,0.0,1.0,0.0,0.0,3,83,1.0,0.0,1.0,0.02,0.0,0.0,0.0,0.0,buffer_overflow,10,buffer_overflow
1,tcp,finger,SF,0,0,0,0,0,0,0,0,0,0,0,0,0,0,0,0,0,0,1,1,0.0,0.0,0.0,0.0,1.0,0.0,0.0,60,7,0.02,1.0,0.02,0.29,0.0,0.0,0.92,0.0,ipsweep,1,ipsweep
0,udp,private,SF,1,0,0,0,0,0,0,0,0,0,0,0,0,0,0,0,0,0,7,2,0.0,0.0,0.0,0.0,0.29,0.43,0.0,255,2,0.01,0.76,0.27,0.0,0.03,0.0,0.7,0.0,satan,18,satan
0,icmp,eco_i,SF,18,0,0,0,0,0,0,0,0,0,0,0,0,0,0,0,0,0,1,1,0.0,0.0,0.0,0.0,1.0,0.0,0.0,2,190,1.0,0.0,1.0,0.25,0.0,0.0,0.0,0.0,ipsweep,15,ipsweep
0,tcp,ftp_data,SF,334,0,0,0,0,0,0,1,0,0,0,0,0,0,0,0,0,0,2,2,0.0,0.0,0.0,0.0,1.0,0.0,0.0,2,24,1.0,0.0,1.0,0.08,0.0,0.0,0.0,0.0,warezclient,11,warezclient
0,icmp,eco_i,SF,8,0,0,0,0,0,0,0,0,0,0,0,0,0,0,0,0,0,1,28,0.0,0.0,0.0,0.0,1.0,0.0,1.0,2,38,1.0,0.0,1.0,0.5,0.0,0.0,0.0,0.0,ipsweep,15,ipsweep
61,tcp,telnet,SF,2336,4194,0,0,0,3,0,1,1,1,0,0,0,0,0,0,0,0,1,1,0.0,0.0,0.0,0.0,1.0,0.0,0.0,9,9,1.0,0.0,0.11,0.0,0.0,0.0,0.11,0.11,buffer_overflow,2,buffer_overflow
0,icmp,eco_i,SF,8,0,0,0,0,0,0,0,0,0,0,0,0,0,0,0,0,0,1,24,0.0,0.0,0.0,0.0,1.0,0.0,1.0,2,22,1.0,0.0,1.0,0.5,0.0,0.0,0.0,0.0,ipsweep,15,ipsweep
0,icmp,eco_i,SF,18,0,0,0,0,0,0,0,0,0,0,0,0,0,0,0,0,0,1,1,0.0,0.0,0.0,0.0,1.0,0.0,0.0,1,109,1.0,0.0,1.0,1.0,0.0,0.0,0.0,0.0,ipsweep,15,ipsweep
53,tcp,telnet,SF,2628,3860,0,0,0,3,0,1,1,1,0,0,0,0,0,0,0,0,1,1,0.0,0.0,0.0,0.0,1.0,0.0,0.0,2,2,1.0,0.0,0.5,0.0,0.0,0.0,0.0,0.0,buffer_overflow,2,buffer_overflow
0,tcp,http,SF,328,3411,0,0,0,0,0,1,0,0,0,0,0,0,0,0,0,0,4,20,0.0,0.0,0.0,0.0,1.0,0.0,0.15,4,255,1.0,0.0,0.25,0.05,0.0,0.0,0.0,0.0,normal,21,normal
0,tcp,smtp,SF,1339,325,0,0,0,0,0,1,0,0,0,0,0,0,0,0,0,0,1,1,0.0,0.0,0.0,0.0,1.0,0.0,0.0,32,189,0.69,0.09,0.03,0.01,0.0,0.0,0.0,0.0,normal,21,normal
0,tcp,http,SF,54540,8314,0,0,0,2,0,1,1,0,0,0,0,0,0,0,0,0,3,3,0.0,0.0,0.0,0.0,1.0,0.0,0.0,190,190,1.0,0.0,0.01,0.0,0.0,0.0,0.05,0.05,back,11,back
0,tcp,private,REJ,0,0,0,0,0,0,0,0,0,0,0,0,0,0,0,0,0,0,108,10,0.0,0.0,1.0,1.0,0.09,0.06,0.0,255,10,0.04,0.07,0.0,0.0,0.0,0.0,1.0,1.0,neptune,21,neptune
0,icmp,eco_i,SF,8,0,0,0,0,0,0,0,0,0,0,0,0,0,0,0,0,0,1,13,0.0,0.0,0.0,0.0,1.0,0.0,1.0,1,61,1.0,0.0,1.0,0.26,0.0,0.0,0.0,0.0,nmap,17,nmap
1,tcp,private,RSTOS0,0,0,0,0,0,0,0,0,0,0,0,0,0,0,0,0,0,0,118,3,0.74,0.67,0.26,0.33,0.03,0.36,0.0,255,3,0.01,0.17,0.46,0.0,0.34,0.67,0.12,0.33,portsweep,20,portsweep
31,tcp,telnet,SF,2402,3814,0,0,0,3,0,1,2,1,0,0,0,0,0,0,0,0,1,1,0.0,0.0,0.0,0.0,1.0,0.0,0.0,2,2,1.0,0.0,0.5,0.0,0.0,0.0,0.0,0.0,buffer_overflow,2,buffer_overflow
0,udp,other,SF,4,0,0,0,0,0,0,0,0,0,0,0,0,0,0,0,0,0,2,2,0.0,0.0,0.0,0.0,1.0,0.0,0.0,2,2,1.0,0.0,0.5,0.0,0.0,0.0,0.0,0.0,rootkit,1,rootkit
0,tcp,http,SF,314,3487,0,0,0,0,0,1,0,0,0,0,0,0,0,0,0,0,6,6,0.0,0.0,0.0,0.0,1.0,0.0,0.0,137,255,1.0,0.0,0.01,0.03,0.01,0.0,0.0,0.0,normal,21,normal
0,tcp,ftp_data,SF,383,0,0,0,0,0,0,1,0,0,0,0,0,0,0,0,0,0,2,2,0.0,0.0,0.0,0.0,1.0,0.0,0.0,3,3,1.0,0.0,1.0,0.0,0.0,0.0,0.0,0.0,normal,10,normal
4,tcp,ftp_data,SF,832,0,0,0,0,0,0,1,0,0,0,0,0,0,0,0,0,0,1,1,0.0,0.0,0.0,0.0,1.0,0.0,0.0,8,35,1.0,0.0,1.0,0.11,0.0,0.0,0.0,0.0,warezclient,10,warezclient
0,tcp,private,S0,0,0,0,0,0,0,0,0,0,0,0,0,0,0,0,0,0,0,131,17,1.0,1.0,0.0,0.0,0.13,0.07,0.0,255,1,0.0,0.06,0.0,0.0,1.0,1.0,0.0,0.0,neptune,21,neptune
45,tcp,telnet,SF,2336,4201,0,0,0,3,0,1,1,1,0,0,0,0,0,0,0,0,2,1,0.0,0.0,0.5,0.0,0.5,1.0,0.0,7,7,1.0,0.0,0.14,0.0,0.0,0.0,0.14,0.14,buffer_overflow,2,buffer_overflow
5060,tcp,ftp_data,SF,5133876,0,0,0,0,3,0,1,0,0,0,0,0,0,0,0,0,0,1,1,0.0,0.0,0.0,0.0,1.0,0.0,0.0,4,39,1.0,0.0,1.0,0.15,0.0,0.03,0.0,0.0,warezclient,15,warezclient
0,tcp,systat,S0,0,0,0,0,0,0,0,0,0,0,0,0,0,0,0,0,0,0,297,23,1.0,1.0,0.0,0.0,0.08,0.05,0.0,255,23,0.09,0.05,0.0,0.0,1.0,1.0,0.0,0.0,neptune,20,neptune
0,tcp,http,REJ,0,0,0,0,0,0,0,0,0,0,0,0,0,0,0,0,0,0,1,1,0.0,0.0,1.0,1.0,1.0,0.0,0.0,5,253,1.0,0.0,0.2,0.09,0.0,0.0,1.0,0.42,normal,21,normal
1,tcp,ftp,SF,1206,2449,0,0,0,28,0,1,0,0,0,0,0,0,0,0,0,1,1,1,0.0,0.0,0.0,0.0,1.0,0.0,0.0,255,97,0.38,0.02,0.0,0.0,0.0,0.0,0.0,0.0,warezclient,10,warezclient
1,tcp,ftp,SF,1235,2449,0,0,0,28,0,1,0,0,0,0,0,0,0,0,0,1,1,1,0.0,0.0,0.0,0.0,1.0,0.0,0.0,255,40,0.16,0.02,0.0,0.0,0.06,0.0,0.0,0.0,warezclient,5,warezclient
45,tcp,telnet,SF,268,2364,0,0,0,0,0,1,0,1,0,2,2,1,0,0,0,0,1,1,0.0,0.0,0.0,0.0,1.0,0.0,0.0,255,2,0.01,0.02,0.0,0.0,0.0,0.0,0.69,0.0,perl,6,perl
60,tcp,telnet,SF,90,233,0,0,0,0,0,0,0,0,0,0,0,0,0,0,0,0,1,1,0.0,0.0,0.0,0.0,1.0,0.0,0.0,255,2,0.01,0.02,0.0,0.0,0.0,0.0,0.0,0.0,rootkit,2,rootkit
0,tcp,ftp_data,SF,334,0,0,0,0,0,0,1,0,0,0,0,0,0,0,0,0,0,1,1,0.0,0.0,0.0,0.0,1.0,0.0,0.0,255,83,0.33,0.07,0.35,0.0,0.02,0.05,0.0,0.0,warezclient,0,warezclient
0,tcp,private,REJ,0,0,0,0,0,0,0,0,0,0,0,0,0,0,0,0,0,0,1,1,0.0,0.0,1.0,1.0,1.0,0.0,0.0,54,2,0.02,1.0,0.02,1.0,0.0,0.0,0.91,1.0,ipsweep,15,ipsweep
0,tcp,whois,S0,0,0,0,0,0,0,0,0,0,0,0,0,0,0,0,0,0,0,110,10,1.0,1.0,0.0,0.0,0.09,0.06,0.0,255,10,0.04,0.08,0.0,0.0,1.0,1.0,0.0,0.0,neptune,18,neptune
0,udp,domain_u,SF,44,44,0,0,0,0,0,0,0,0,0,0,0,0,0,0,0,0,12,26,0.0,0.0,0.0,0.0,1.0,0.0,0.15,255,254,1.0,0.01,0.0,0.0,0.0,0.0,0.0,0.0,normal,21,normal
0,tcp,netstat,S0,0,0,0,0,0,0,0,0,0,0,0,0,0,0,0,0,0,0,143,14,1.0,1.0,0.0,0.0,0.1,0.06,0.0,255,8,0.03,0.07,0.0,0.0,1.0,1.0,0.0,0.0,neptune,20,neptune
0,tcp,finger,SF,6,169,0,0,0,0,0,0,0,0,0,0,0,0,0,0,0,0,1,1,0.0,0.0,0.0,0.0,1.0,0.0,0.0,5,8,0.2,0.4,0.2,0.25,0.0,0.0,0.0,0.0,normal,21,normal
0,tcp,private,S0,0,0,0,0,0,0,0,0,0,0,0,0,0,0,0,0,0,0,33,16,1.0,1.0,0.0,0.0,0.48,0.15,0.0,255,16,0.06,0.08,0.0,0.0,1.0,1.0,0.0,0.0,neptune,21,neptune
0,tcp,private,S0,0,0,0,0,0,0,0,0,0,0,0,0,0,0,0,0,0,0,98,17,1.0,1.0,0.0,0.0,0.17,0.06,0.0,255,2,0.01,0.08,0.0,0.0,1.0,1.0,0.0,0.0,neptune,21,neptune
0,icmp,eco_i,SF,8,0,0,0,0,0,0,0,0,0,0,0,0,0,0,0,0,0,1,18,0.0,0.0,0.0,0.0,1.0,0.0,1.0,1,129,1.0,0.0,1.0,0.51,0.0,0.0,0.0,0.0,ipsweep,16,ipsweep
0,udp,private,SF,1,0,0,0,0,0,0,0,0,0,0,0,0,0,0,0,0,0,44,8,0.0,0.0,0.0,0.0,0.18,0.09,0.0,255,58,0.23,0.21,1.0,0.0,0.0,0.0,0.0,0.0,satan,18,satan
0,tcp,http,SF,324,839,0,0,0,0,0,1,0,0,0,0,0,0,0,0,0,0,37,38,0.0,0.0,0.0,0.0,1.0,0.0,0.05,100,255,1.0,0.0,0.01,0.04,0.0,0.0,0.0,0.0,normal,21,normal
0,tcp,imap4,SH,0,0,0,0,0,0,0,0,0,0,0,0,0,0,0,0,0,0,1,122,1.0,0.76,0.0,0.04,1.0,0.0,0.37,7,7,1.0,0.0,0.71,0.0,0.57,0.57,0.0,0.0,imap,18,imap
0,udp,domain_u,SF,45,138,0,0,0,0,0,0,0,0,0,0,0,0,0,0,0,0,67,147,0.0,0.0,0.0,0.0,1.0,0.0,0.01,255,230,0.9,0.01,0.0,0.0,0.0,0.0,0.0,0.0,normal,20,normal
0,tcp,private,S0,0,0,0,0,0,0,0,0,0,0,0,0,0,0,0,0,0,0,134,10,1.0,1.0,0.0,0.0,0.07,0.06,0.0,255,11,0.04,0.07,0.0,0.0,1.0,1.0,0.0,0.0,neptune,21,neptune
0,tcp,smtp,SF,1970,401,0,0,0,0,0,1,0,0,0,0,0,0,0,0,0,0,1,2,0.0,0.0,0.0,0.0,1.0,0.0,1.0,92,156,0.76,0.04,0.01,0.01,0.0,0.0,0.0,0.0,normal,21,normal
0,tcp,ftp_data,SF,12165,0,0,0,0,0,0,0,0,0,0,0,0,0,0,0,0,0,3,3,0.0,0.0,0.0,0.0,1.0,0.0,0.0,169,43,0.18,0.04,0.18,0.05,0.0,0.0,0.0,0.0,normal,21,normal
47,tcp,telnet,SF,2402,3816,0,0,0,3,0,1,2,1,0,0,0,0,0,0,0,0,1,1,0.0,0.0,0.0,0.0,1.0,0.0,0.0,10,10,1.0,0.0,0.1,0.0,0.0,0.0,0.1,0.1,buffer_overflow,2,buffer_overflow
0,tcp,ftp_data,SF,246,0,0,0,0,0,0,1,0,0,0,0,0,0,0,0,0,0,1,1,0.0,0.0,0.0,0.0,1.0,0.0,0.0,8,43,1.0,0.0,1.0,0.14,0.0,0.02,0.0,0.0,warezclient,10,warezclient
0,tcp,time,S0,0,0,0,0,0,0,0,0,0,0,0,0,0,0,0,0,0,0,112,11,1.0,1.0,0.0,0.0,0.1,0.06,0.0,255,2,0.01,0.07,0.0,0.0,1.0,1.0,0.0,0.0,neptune,18,neptune
0,tcp,http,SF,205,1536,0,0,0,0,0,1,0,0,0,0,0,0,0,0,0,0,18,18,0.0,0.0,0.0,0.0,1.0,0.0,0.0,19,255,1.0,0.0,0.05,0.04,0.0,0.0,0.0,0.0,normal,21,normal
0,tcp,ftp_data,SF,334,0,0,0,0,0,0,1,0,0,0,0,0,0,0,0,0,0,1,1,0.0,0.0,0.0,0.0,1.0,0.0,0.0,1,8,1.0,0.0,1.0,0.25,0.0,0.0,0.0,0.12,warezclient,13,warezclient
299,tcp,telnet,SF,112,847,0,0,0,0,0,0,0,0,0,0,0,0,0,0,0,0,1,1,0.0,0.0,0.0,0.0,1.0,0.0,0.0,255,48,0.19,0.02,0.0,0.0,0.22,0.31,0.0,0.0,spy,9,spy
0,tcp,ftp_data,SF,0,5690,0,0,0,0,0,1,0,0,0,0,0,0,0,0,0,0,1,1,0.0,0.0,0.0,0.0,1.0,0.0,0.0,1,1,1.0,0.0,1.0,0.0,0.0,0.0,0.0,0.0,buffer_overflow,11,buffer_overflow
0,tcp,bgp,S0,0,0,0,0,0,0,0,0,0,0,0,0,0,0,0,0,0,0,250,25,1.0,1.0,0.0,0.0,0.1,0.06,0.0,255,25,0.1,0.06,0.0,0.0,1.0,1.0,0.0,0.0,neptune,18,neptune
0,tcp,http,SF,257,6935,0,0,0,0,0,1,0,0,0,0,0,0,0,0,0,0,1,4,0.0,0.0,0.0,0.0,1.0,0.0,0.5,68,255,1.0,0.0,0.01,0.06,0.0,0.0,0.0,0.0,normal,21,normal
15161,tcp,ftp,SF,368,1202,0,0,0,6,0,1,0,0,0,0,0,0,0,0,0,1,1,1,0.0,0.0,0.0,0.0,1.0,0.0,0.0,255,5,0.02,0.02,0.0,0.0,0.2,0.0,0.0,0.0,warezclient,5,warezclient
0,tcp,http,SF,261,8914,0,0,0,0,0,1,0,0,0,0,0,0,0,0,0,0,1,1,0.0,0.0,0.0,0.0,1.0,0.0,0.0,1,255,1.0,0.0,1.0,0.04,0.0,0.0,0.0,0.0,normal,21,normal
0,tcp,other,REJ,0,0,0,0,0,0,0,0,0,0,0,0,0,0,0,0,0,0,511,1,0.08,0.0,0.89,1.0,0.0,1.0,0.0,255,1,0.0,1.0,0.0,0.0,0.1,0.0,0.85,1.0,satan,20,satan
0,tcp,http,SF,243,1010,0,0,0,0,0,1,0,0,0,0,0,0,0,0,0,0,30,30,0.0,0.0,0.0,0.0,1.0,0.0,0.0,255,255,1.0,0.0,0.0,0.0,0.0,0.0,0.0,0.0,normal,21,normal
0,icmp,eco_i,SF,8,0,0,0,0,0,0,0,0,0,0,0,0,0,0,0,0,0,1,32,0.0,0.0,0.0,0.0,1.0,0.0,1.0,2,88,1.0,0.0,1.0,0.5,0.0,0.0,0.0,0.0,ipsweep,17,ipsweep
0,icmp,eco_i,SF,8,0,0,0,0,0,0,0,0,0,0,0,0,0,0,0,0,0,1,51,0.0,0.0,0.0,0.0,1.0,0.0,1.0,4,228,1.0,0.0,1.0,0.25,0.0,0.0,0.0,0.0,nmap,15,nmap
0,tcp,http,SF,189,18004,0,0,0,0,0,1,0,0,0,0,0,0,0,0,0,0,4,4,0.0,0.0,0.0,0.0,1.0,0.0,0.0,22,255,1.0,0.0,0.05,0.04,0.0,0.0,0.0,0.0,normal,21,normal
321,tcp,telnet,RSTO,1506,1887,0,0,0,0,0,1,0,0,0,0,1,0,0,0,0,0,151,1,0.99,0.0,0.01,1.0,0.01,0.06,0.0,6,6,1.0,0.0,0.17,0.0,0.0,0.0,0.17,0.17,buffer_overflow,5,buffer_overflow
0,tcp,ftp_data,SF,0,5696,0,0,0,0,0,1,0,0,0,0,0,0,0,0,0,0,1,1,0.0,0.0,0.0,0.0,1.0,0.0,0.0,1,81,1.0,0.0,1.0,0.02,0.0,0.0,0.0,0.0,buffer_overflow,9,buffer_overflow
0,icmp,eco_i,SF,8,0,0,0,0,0,0,0,0,0,0,0,0,0,0,0,0,0,1,35,0.0,0.0,0.0,0.0,1.0,0.0,1.0,2,102,1.0,0.0,1.0,0.25,0.0,0.0,0.0,0.0,nmap,16,nmap
0,tcp,ftp_data,SF,0,5921,0,0,0,0,0,1,0,0,0,0,0,0,0,0,0,0,2,1,0.0,0.0,0.0,0.0,0.5,1.0,0.0,1,3,1.0,0.0,1.0,0.67,0.0,0.0,0.0,0.0,loadmodule,13,loadmodule
0,tcp,http,SF,284,1094,0,0,0,0,0,1,0,0,0,0,0,0,0,0,0,0,4,4,0.0,0.0,0.0,0.0,1.0,0.0,0.0,5,255,1.0,0.0,0.2,0.05,0.0,0.0,0.0,0.0,normal,21,normal
12,tcp,ftp_data,SF,7045,0,0,0,0,0,0,1,0,0,0,0,0,0,0,0,0,0,1,1,0.0,0.0,0.0,0.0,1.0,0.0,0.0,255,69,0.27,0.08,0.32,0.0,0.01,0.01,0.0,0.0,warezclient,0,warezclient
15163,tcp,ftp,SF,367,1202,0,0,0,6,0,1,0,0,0,0,0,0,0,0,0,1,1,1,0.0,0.0,0.0,0.0,1.0,0.0,0.0,255,4,0.02,0.02,0.0,0.0,0.2,0.0,0.0,0.0,warezclient,5,warezclient
60,tcp,telnet,SF,2328,4551,0,0,0,3,0,1,1,1,0,0,0,0,0,0,0,0,1,1,0.0,0.0,0.0,0.0,1.0,0.0,0.0,1,1,1.0,0.0,1.0,0.0,0.0,0.0,0.0,0.0,buffer_overflow,3,buffer_overflow
98,tcp,telnet,SF,621,8356,0,0,1,1,0,1,5,1,0,14,1,0,0,0,0,0,1,1,0.0,0.0,0.0,0.0,1.0,0.0,0.0,255,4,0.02,0.02,0.0,0.0,0.0,0.0,0.0,0.0,rootkit,1,rootkit
0,tcp,telnet,RSTR,126,179,0,0,0,2,1,0,0,0,0,0,0,0,0,0,0,0,2,2,0.0,0.0,1.0,1.0,1.0,0.0,0.0,37,37,1.0,0.0,0.05,0.0,0.05,0.05,0.95,0.95,guess_passwd,9,guess_passwd
0,tcp,private,RSTR,0,0,0,0,0,0,0,0,0,0,0,0,0,0,0,0,0,0,1,1,0.0,0.0,1.0,1.0,1.0,0.0,0.0,140,1,0.01,0.66,0.66,0.0,0.04,0.0,0.64,1.0,portsweep,15,portsweep
1,tcp,ftp,SF,1225,2451,0,0,0,28,0,1,0,0,0,0,0,0,0,0,0,1,1,1,0.0,0.0,0.0,0.0,1.0,0.0,0.0,255,127,0.5,0.02,0.0,0.0,0.0,0.0,0.0,0.0,warezclient,11,warezclient
27,tcp,ftp,SF,908,2720,0,0,0,19,0,1,0,0,0,0,0,0,0,0,0,1,1,1,0.0,0.0,0.0,0.0,1.0,0.0,0.0,125,17,0.14,0.57,0.01,0.0,0.0,0.0,0.52,0.06,normal,20,normal
2,tcp,ftp,SF,1194,2447,0,0,0,28,0,1,0,0,0,0,0,0,0,0,0,1,1,1,0.0,0.0,0.0,0.0,1.0,0.0,0.0,255,103,0.4,0.02,0.0,0.0,0.0,0.0,0.01,0.0,warezclient,15,warezclient
2,tcp,ftp,SF,1222,2451,0,0,0,28,0,1,0,0,0,0,0,0,0,0,0,1,1,1,0.0,0.0,0.0,0.0,1.0,0.0,0.0,255,119,0.47,0.02,0.0,0.0,0.0,0.0,0.01,0.0,warezclient,15,warezclient
0,tcp,ftp,SF,1237,2451,0,0,0,28,0,1,0,0,0,0,0,0,0,0,0,1,1,1,0.0,0.0,0.0,0.0,1.0,0.0,0.0,188,16,0.09,0.03,0.01,0.0,0.01,0.0,0.01,0.0,warezclient,6,warezclient
0,tcp,ftp_data,SF,334,0,0,0,0,0,0,1,0,0,0,0,0,0,0,0,0,0,2,2,0.0,0.0,0.0,0.0,1.0,0.0,0.0,2,8,1.0,0.0,1.0,0.25,0.0,0.0,0.0,0.0,warezclient,15,warezclient
5051,tcp,ftp_data,SF,5135678,0,0,0,0,4,0,1,0,0,0,0,0,0,0,0,0,0,1,1,0.0,0.0,0.0,0.0,1.0,0.0,0.0,5,30,1.0,0.0,1.0,0.17,0.0,0.0,0.0,0.0,warezclient,13,warezclient
0,tcp,private,S0,0,0,0,0,0,0,0,0,0,0,0,0,0,0,0,0,0,0,205,11,1.0,1.0,0.0,0.0,0.05,0.05,0.0,255,11,0.04,0.05,0.0,0.0,1.0,1.0,0.0,0.0,neptune,21,neptune
0,tcp,name,S0,0,0,0,0,0,0,0,0,0,0,0,0,0,0,0,0,0,0,281,11,1.0,1.0,0.0,0.0,0.04,0.06,0.0,255,11,0.04,0.08,0.0,0.0,1.0,1.0,0.0,0.0,neptune,21,neptune
0,udp,other,SF,1,0,0,0,0,0,0,0,0,0,0,0,0,0,0,0,0,0,20,2,0.0,0.0,0.0,0.0,0.1,0.5,0.0,255,2,0.01,0.18,1.0,0.0,0.0,0.0,0.0,0.0,satan,18,satan
0,tcp,smtp,SF,1421,328,0,0,0,0,0,1,0,0,0,0,0,0,0,0,0,0,1,1,0.0,0.0,0.0,0.0,1.0,0.0,0.0,255,136,0.53,0.03,0.0,0.0,0.01,0.01,0.0,0.0,normal,21,normal
2,tcp,ftp,SF,1227,2449,0,0,0,28,0,1,0,0,0,0,0,0,0,0,0,1,1,1,0.0,0.0,0.0,0.0,1.0,0.0,0.0,255,60,0.24,0.02,0.0,0.0,0.0,0.0,0.0,0.0,warezclient,7,warezclient
0,tcp,smtp,SF,1086,334,0,0,0,0,0,1,0,0,0,0,0,0,0,0,0,0,1,1,0.0,0.0,0.0,0.0,1.0,0.0,0.0,255,95,0.37,0.03,0.0,0.0,0.0,0.0,0.0,0.0,normal,21,normal
12,tcp,ftp_data,SF,7045,0,0,0,0,0,0,1,0,0,0,0,0,0,0,0,0,0,1,1,0.0,0.0,0.0,0.0,1.0,0.0,0.0,8,8,1.0,0.0,1.0,0.0,0.0,0.0,0.0,0.0,warezclient,8,warezclient
0,udp,domain_u,SF,40,106,0,0,0,0,0,0,0,0,0,0,0,0,0,0,0,0,1,1,0.0,0.0,0.0,0.0,1.0,0.0,0.0,255,222,0.87,0.01,0.0,0.0,0.0,0.0,0.0,0.0,normal,21,normal
0,tcp,ftp_data,SF,334,0,0,0,0,0,0,1,0,0,0,0,0,0,0,0,0,0,2,2,0.0,0.0,0.0,0.0,1.0,0.0,0.0,6,24,1.0,0.0,1.0,0.17,0.0,0.0,0.0,0.0,warezclient,12,warezclient
7,tcp,ftp,SF,230,644,0,0,0,4,0,1,0,0,0,0,4,0,0,0,0,0,1,1,0.0,0.0,0.0,0.0,1.0,0.0,0.0,4,1,0.25,0.75,0.25,0.0,0.0,0.0,0.0,0.0,loadmodule,1,loadmodule
0,tcp,netbios_dgm,S0,0,0,0,0,0,0,0,0,0,0,0,0,0,0,0,0,0,0,298,2,1.0,1.0,0.0,0.0,0.01,0.06,0.0,255,2,0.01,0.08,0.0,0.0,1.0,1.0,0.0,0.0,neptune,18,neptune
1,tcp,ftp,SF,1151,2445,0,0,0,28,0,1,0,0,0,0,0,0,0,0,0,1,1,1,0.0,0.0,0.0,0.0,1.0,0.0,0.0,255,88,0.35,0.02,0.0,0.0,0.0,0.0,0.0,0.0,warezclient,9,warezclient
0,tcp,private,S0,0,0,0,0,0,0,0,0,0,0,0,0,0,0,0,0,0,0,142,1,1.0,1.0,0.0,0.0,0.01,0.06,0.0,170,8,0.05,0.09,0.01,0.0,1.0,1.0,0.0,0.0,neptune,18,neptune
85,tcp,telnet,SF,277,693,0,0,0,0,0,0,0,0,0,0,0,0,0,0,0,0,1,1,0.0,0.0,0.0,0.0,1.0,0.0,0.0,1,1,1.0,0.0,1.0,0.0,0.0,0.0,0.0,0.0,loadmodule,4,loadmodule
33,tcp,telnet,SF,2402,3815,0,0,0,3,0,1,2,1,0,0,0,0,0,0,0,0,1,1,0.0,0.0,0.0,0.0,1.0,0.0,0.0,3,3,1.0,0.0,0.33,0.0,0.0,0.0,0.0,0.0,buffer_overflow,2,buffer_overflow
0,udp,domain_u,SF,30,0,0,0,0,0,0,0,0,0,0,0,0,0,0,0,0,0,1,2,0.0,0.0,0.0,0.0,1.0,0.0,1.0,92,9,0.1,0.08,0.1,0.0,0.0,0.0,0.0,0.0,normal,21,normal
0,tcp,http,SF,233,4296,0,0,0,0,0,1,0,0,0,0,0,0,0,0,0,0,1,2,0.0,0.0,0.0,0.0,1.0,0.0,1.0,1,255,1.0,0.0,1.0,0.02,0.0,0.0,0.0,0.0,normal,21,normal
0,tcp,private,S0,0,0,0,0,0,0,0,0,0,0,0,0,0,0,0,0,0,0,74,19,1.0,1.0,0.0,0.0,0.26,0.05,0.0,255,9,0.04,0.06,0.0,0.0,1.0,1.0,0.0,0.0,neptune,19,neptune
305,tcp,telnet,SF,1735,2766,0,0,0,3,0,1,2,1,0,0,1,0,0,0,0,0,1,1,0.0,0.0,0.0,0.0,1.0,0.0,0.0,2,4,1.0,0.0,0.5,0.5,0.0,0.0,0.0,0.0,buffer_overflow,2,buffer_overflow
0,tcp,ftp_data,SF,334,0,0,0,0,0,0,1,0,0,0,0,0,0,0,0,0,0,2,2,0.0,0.0,0.0,0.0,1.0,0.0,0.0,9,46,1.0,0.0,1.0,0.11,0.0,0.0,0.0,0.0,warezclient,11,warezclient
